1000
1
182.290000
50.570000
-5.690000
-34.900000
37.540000
-51.570000
86.880000
4.020000
-47.820000
11.970000
-0.400000
-5.810000
11.890000
-76.350000
17.810000
35.120000
60.220000
-12.790000
-2.340000
-17.490000
-79.120000
-4.840000
28.650000
71.940000
-74.550000
77.300000
-65.830000
-35.230000
14.890000
-76.180000
-39.720000
66.360000
-48.950000
-10.280000
19.940000
25.830000
-57.390000
-89.330000
-6.540000
-54.160000
-77.540000
-94.550000
93.050000
18.090000
57.130000
-70.480000
58.760000
29.430000
56.200000
-63.480000
-96.430000
53.680000
8.950000
57.990000
5.510000
-42.290000
-66.460000
-18.460000
42.800000
-28.420000
-35.710000
98.470000
-45.750000
-96.310000
99.880000
-48.910000
90.430000
-50.230000
76.080000
-46.490000
-4.740000
-81.180000
-20.860000
-16.630000
-61.030000
16.330000
-42.170000
-14.580000
-32.930000
28.600000
-69.480000
-84.620000
-7.160000
76.790000
-78.140000
99.570000
60.080000
78.790000
-16.020000
-95.970000
-71.410000
-73.570000
-38.050000
-97.940000
70.180000
93.860000
-1.810000
-13.890000
49.410000
-55.990000
34.560000
63.280000
-73.930000
66.230000
75.590000
92.170000
-91.790000
20.160000
-81.640000
-74.210000
-15.390000
11.400000
28.820000
4.530000
87.070000
-93.140000
-97.280000
41.570000
56.720000
47.770000
99.220000
-91.700000
55.470000
-78.420000
81.950000
-45.300000
-48.570000
-68.500000
-84.780000
77.960000
92.720000
4.710000
-88.330000
45.450000
-82.830000
-98.560000
-27.470000
-93.770000
68.130000
-0.850000
-46.660000
-2.730000
47.010000
46.460000
-95.940000
84.460000
-22.410000
-55.470000
95.470000
-36.690000
11.210000
8.870000
6.220000
-53.720000
-55.680000
7.950000
18.930000
-12.650000
37.010000
-94.090000
-26.020000
-80.000000
73.790000
90.960000
-36.930000
-8.820000
10.350000
92.830000
44.860000
77.110000
8.120000
79.370000
9.400000
-12.340000
-90.360000
63.120000
-57.320000
30.310000
42.200000
23.750000
52.690000
39.350000
16.430000
38.830000
-67.850000
-71.560000
-75.510000
69.140000
-18.340000
-4.050000
-32.240000
-69.920000
19.500000
79.400000
-3.580000
-81.190000
-91.910000
57.710000
-99.960000
59.700000
-90.180000
-12.610000
1.150000
35.170000
11.930000
90.020000
-98.550000
-46.160000
-10.230000
37.980000
23.350000
57.940000
-50.940000
-62.380000
83.810000
17.880000
22.560000
-35.940000
-73.860000
74.390000
16.030000
26.570000
-46.990000
-95.930000
43.680000
-8.860000
49.460000
58.860000
21.560000
30.290000
95.100000
57.520000
-71.390000
-39.610000
-49.920000
67.510000
-29.220000
-27.540000
75.220000
2.950000
73.190000
88.390000
-96.330000
40.440000
-63.520000
-71.880000
-23.250000
-64.090000
-1.550000
83.300000
-28.990000
82.570000
84.390000
85.990000
-48.710000
-7.870000
-16.640000
63.890000
-36.510000
64.680000
-77.830000
-15.590000
-53.710000
33.100000
-19.850000
74.360000
-11.970000
49.770000
64.770000
-93.720000
-3.940000
28.300000
-45.600000
5.160000
24.560000
47.630000
-25.200000
-51.670000
21.140000
-26.880000
-14.640000
-79.190000
-20.780000
-30.920000
-45.100000
-85.090000
-31.470000
-39.750000
-51.140000
77.510000
-63.240000
92.820000
-77.130000
33.650000
-71.370000
36.050000
62.410000
71.570000
24.940000
-48.320000
86.510000
78.020000
62.950000
-38.830000
-89.750000
5.900000
85.310000
96.570000
-67.350000
-84.240000
-86.900000
5.410000
75.400000
-92.580000
-50.630000
-25.130000
-13.260000
-56.380000
-47.590000
71.940000
49.680000
5.320000
56.100000
58.240000
-40.220000
79.390000
-30.550000
75.600000
-32.850000
25.950000
-98.420000
96.990000
88.020000
97.330000
11.410000
22.070000
93.910000
45.010000
-78.210000
38.180000
-91.540000
-24.750000
63.840000
44.970000
62.570000
65.300000
85.330000
-70.110000
18.250000
-11.630000
-9.110000
52.680000
28.720000
-52.950000
99.960000
-0.250000
68.220000
89.020000
81.500000
-75.760000
95.620000
-61.630000
-20.930000
-53.060000
14.550000
-66.500000
-75.670000
-22.050000
24.570000
-90.050000
81.250000
-78.640000
46.770000
82.880000
-56.190000
-76.880000
15.980000
17.150000
57.870000
-86.370000
-41.900000
81.740000
-22.160000
42.710000
-81.190000
6.260000
-16.210000
40.340000
30.970000
89.920000
-60.010000
50.280000
-2.100000
76.770000
67.860000
26.220000
63.550000
-81.850000
-73.520000
49.290000
26.790000
-83.610000
-48.520000
-4.570000
84.470000
-64.330000
64.690000
82.680000
27.470000
5.160000
15.720000
-66.590000
-12.760000
89.320000
-25.370000
-14.620000
-66.570000
13.080000
-2.480000
-11.470000
-24.770000
54.140000
-78.880000
67.680000
-15.460000
-75.300000
-68.520000
50.930000
-63.010000
3.990000
-37.650000
-63.780000
64.170000
-61.810000
66.560000
-30.830000
-67.180000
-26.080000
44.070000
27.140000
-41.390000
-6.280000
-49.690000
-49.250000
42.250000
42.560000
69.950000
-74.240000
-25.080000
17.870000
91.810000
51.560000
15.390000
61.910000
-27.150000
-69.090000
-86.400000
-83.830000
95.970000
90.490000
75.780000
19.780000
94.020000
-53.100000
39.620000
-49.120000
38.700000
-13.200000
-2.350000
-49.960000
-95.280000
-36.160000
73.250000
-50.390000
-87.650000
-28.440000
-52.680000
67.340000
-71.140000
74.140000
38.130000
-73.160000
-40.860000
53.020000
-54.670000
-38.680000
68.030000
-89.510000
-29.830000
75.980000
-40.260000
-10.230000
30.460000
-75.400000
-18.860000
-47.850000
-78.360000
65.510000
-81.740000
74.680000
41.750000
21.950000
-7.780000
66.890000
57.470000
-12.480000
87.930000
80.780000
34.930000
79.190000
-17.910000
-74.740000
85.160000
-87.330000
85.320000
-92.200000
0.590000
82.180000
17.000000
-51.000000
-94.740000
45.390000
-99.620000
47.900000
40.030000
-38.860000
-79.340000
-61.610000
66.560000
70.350000
8.560000
-81.710000
86.310000
63.350000
93.750000
-2.450000
90.370000
-3.760000
-47.110000
-49.450000
75.330000
76.170000
60.700000
-65.280000
78.790000
5.960000
-40.730000
-32.990000
45.680000
33.590000
-68.490000
-21.980000
-10.620000
-34.920000
50.640000
-36.540000
-83.950000
52.080000
90.430000
31.590000
87.940000
-58.510000
-4.290000
-19.050000
-89.870000
-60.460000
-73.970000
68.150000
-67.860000
-1.670000
-55.090000
-22.580000
99.350000
51.770000
-31.530000
3.930000
84.410000
81.090000
95.120000
35.320000
67.500000
-37.890000
-16.790000
96.150000
48.150000
-68.800000
-37.690000
28.310000
-59.930000
-20.760000
16.480000
95.520000
-43.940000
75.190000
64.320000
24.470000
-1.890000
97.990000
-82.310000
19.810000
-61.870000
61.780000
-15.260000
-77.420000
6.420000
-94.880000
-9.330000
-69.290000
-83.480000
42.920000
-0.680000
92.720000
-18.660000
-82.280000
-50.150000
-6.840000
-67.260000
75.530000
85.610000
68.960000
92.790000
80.280000
60.320000
89.080000
-70.660000
-20.160000
24.960000
81.210000
28.130000
8.400000
41.190000
30.140000
-25.850000
2.920000
92.150000
-86.720000
-51.640000
-79.350000
61.960000
-46.610000
71.630000
-39.960000
-24.810000
-36.530000
88.550000
-36.650000
16.290000
-45.900000
34.100000
79.200000
91.800000
40.520000
17.010000
-9.800000
46.800000
-16.060000
-59.280000
-18.090000
-73.880000
-2.430000
-35.140000
-47.130000
-29.910000
-98.850000
-31.880000
74.490000
64.020000
99.340000
-85.040000
62.620000
-32.420000
19.140000
71.760000
-19.970000
-91.100000
-32.370000
40.760000
42.310000
28.070000
35.910000
58.900000
-81.180000
82.710000
53.630000
20.680000
46.550000
21.910000
-70.070000
91.800000
32.850000
-94.600000
-25.240000
14.170000
89.020000
19.230000
-87.810000
44.170000
-66.100000
-42.970000
-15.980000
92.810000
56.220000
-63.650000
-11.920000
62.580000
61.880000
59.080000
-28.600000
12.010000
16.810000
-31.360000
-65.460000
-66.070000
-42.810000
-80.670000
-17.880000
-15.660000
42.380000
-10.570000
-55.800000
-37.040000
-7.990000
-15.900000
91.500000
45.830000
32.140000
-80.600000
7.100000
13.650000
31.790000
33.190000
-20.670000
-64.930000
-29.080000
4.590000
-70.750000
41.280000
44.440000
71.800000
-13.740000
38.290000
-48.410000
-46.610000
-55.440000
53.440000
-74.880000
-31.510000
65.450000
48.190000
-35.560000
32.230000
44.840000
63.490000
-23.830000
-10.550000
26.060000
-70.670000
40.650000
-72.440000
-98.510000
-84.970000
-35.980000
79.940000
59.920000
87.150000
-66.930000
-77.000000
2.930000
-91.030000
49.450000
11.030000
48.770000
-93.950000
38.680000
92.030000
22.650000
73.420000
48.280000
17.820000
75.390000
23.350000
-38.100000
16.080000
81.710000
77.730000
92.190000
-54.670000
98.150000
80.370000
54.490000
-76.980000
44.670000
-68.210000
-36.350000
-25.000000
1.520000
75.460000
19.280000
38.150000
93.460000
59.390000
-86.960000
53.910000
-26.620000
54.870000
58.120000
-89.550000
-97.870000
-78.470000
89.250000
-98.200000
-76.510000
-95.980000
3.590000
94.910000
0.020000
6.840000
78.810000
80.040000
-2.450000
37.270000
-98.170000
78.320000
29.430000
50.550000
-96.660000
-49.350000
-37.370000
-51.760000
-23.240000
-42.960000
-87.230000
63.330000
-59.670000
16.060000
-14.030000
-17.700000
50.210000
-28.930000
12.760000
-10.870000
-48.460000
-53.400000
87.110000
-7.150000
68.890000
82.940000
-85.270000
92.460000
-66.890000
93.010000
11.270000
-13.610000
84.300000
56.680000
88.330000
-43.150000
61.650000
-33.810000
27.820000
70.510000
-98.140000
-25.040000
7.340000
-55.630000
-85.840000
-68.110000
97.500000
-8.320000
-44.640000
-35.830000
-67.520000
20.180000
-80.360000
-85.120000
21.280000
-75.960000
91.810000
-18.320000
-75.880000
56.830000
-74.730000
13.870000
33.780000
78.010000
-77.380000
-24.690000
19.340000
-68.910000
97.860000
-17.230000
98.560000
-58.570000
17.180000
18.930000
-99.400000
29.210000
-67.300000
-96.680000
-7.480000
-57.520000
-37.020000
-96.010000
-32.730000
11.030000
74.900000
97.040000
54.880000
-49.020000
16.360000
-86.020000
87.040000
38.830000
30.600000
77.250000
-25.610000
-14.300000
-65.140000
-65.800000
-24.190000
-7.340000
-84.740000
-95.220000
0.090000
-20.410000
65.620000
-82.560000
79.300000
59.410000
47.630000
-44.100000
-10.150000
11.470000
-61.910000
82.160000
12.040000
-81.090000
91.830000
-14.770000
30.550000
-5.140000
66.460000
2.870000
-35.170000
51.370000
-43.260000
60.690000
98.370000
55.750000
-45.660000
-82.380000
89.620000
97.330000
41.610000
4.250000
-28.330000
16.460000
-10.410000
19.090000
0.220000
-81.600000
9.230000
-33.470000
-77.800000
5.990000
50.670000
-93.190000
57.080000
-44.330000
-5.590000
-16.930000
-21.260000
54.540000
90.970000
-30.090000
-8.740000
-94.140000
-14.570000
63.190000
24.010000
-42.900000
-35.800000
-82.060000
-65.040000
-93.340000
-29.680000
69.830000
94.940000
57.680000
34.590000
-95.830000
-55.430000
12.480000
34.280000
93.910000
-63.460000
-38.600000
37.800000
70.210000
89.550000
